Fit parameters 
alpha_1 = 7.772641056879711e-05
alpha_2 = 4.141648266752919
beta_1 = -1.757521335253807e-06
beta_2 = 0.000592001784155948
