Fit parameters 
alpha_1 = 0.0006983886649563021
alpha_2 = 4.809563563894792
beta_1 = -0.00015394680883317114
beta_2 = 0.00030827651265095724
