Fit parameters 
alpha_1 = 0.07759460695625667
alpha_2 = 0.2701812414735702
beta_1 = -0.0009108999697888465
beta_2 = 1.5341582535120495
