Fit parameters 
alpha_1 = 5.59834812872022e-05
alpha_2 = 7.983611333859766
beta_1 = -1.7575793522699693e-06
beta_2 = 0.0005919947373920766
