Fit parameters 
alpha_1 = 0.12453907484169037
alpha_2 = 6.850568184156764
beta_1 = -0.02811657247941356
beta_2 = 0.7285987997714874
