Fit parameters 
alpha_1 = 7.514229783730314e-05
alpha_2 = 9.299370580840034
beta_1 = -6.26911824204479e-06
beta_2 = 0.0012928356220258288
