Fit parameters 
alpha_1 = 0.006704453294866354
alpha_2 = 17.519664634557895
beta_1 = -0.0004315077704892487
beta_2 = 1.5936151642048502
