Fit parameters 
alpha_1 = -0.2146181910543763
alpha_2 = 5.278518042417086
beta_1 = 0.02198287237415998
beta_2 = 2.6531311193477713
