Fit parameters 
alpha_1 = 0.0584627511400436
alpha_2 = 6.519303751025415
beta_1 = -0.00856613977801954
beta_2 = 1.211961302132793
