Fit parameters 
alpha_1 = -0.007509187975225018
alpha_2 = 0.1452195868655557
beta_1 = 0.00023630512051047854
beta_2 = 0.012796036913790282
