Fit parameters 
alpha_1 = -0.6361664133489806
alpha_2 = 48.98868072475939
beta_1 = 0.12233057897444752
beta_2 = 42.37041369088433
