Fit parameters 
alpha_1 = 0.0006048206696410631
alpha_2 = 0.14353942005539835
beta_1 = -6.269168712497497e-06
beta_2 = 0.0012928277412880777
