Fit parameters 
alpha_1 = 0.3541083043467231
alpha_2 = 0.11497536433024352
beta_1 = -0.0023269447704098193
beta_2 = 8.1331922920138
