Fit parameters 
alpha_1 = 0.05587687103301587
alpha_2 = 5.616331704596761
beta_1 = -0.0107160891046461
beta_2 = 0.17307759804641334
