Fit parameters 
alpha_1 = 0.39839702192203996
alpha_2 = 17.239546328877232
beta_1 = -0.10474226676543139
beta_2 = 2.458386497464359
