Fit parameters 
alpha_1 = 0.055890740995150186
alpha_2 = 5.614690861356505
beta_1 = -0.010719087069490136
beta_2 = 0.17308693369129632
