Fit parameters 
alpha_1 = 0.009611696549157096
alpha_2 = 6.252596517414221
beta_1 = -0.00010787755385339465
beta_2 = 0.4465682031190243
