Fit parameters 
alpha_1 = 0.009801570687827232
alpha_2 = 6.012702005541714
beta_1 = -0.00010787812811808317
beta_2 = 0.44656808996287367
